0.0 6691
1.0 14166
2.0 9144
3.0 4503
4.0 2897
5.0 2491
6.0 2279
7.0 2520
8.0 2573
9.0 2904
10.0 3050
11.0 2854
12.0 2880
13.0 2930
14.0 3062
15.0 3261
16.0 3857
17.0 4236
18.0 4539
19.0 4628
20.0 5185
21.0 6777
22.0 8557
23.0 10385
24.0 10818
25.0 10357
26.0 9602
27.0 8361
28.0 7246
29.0 6135
30.0 5460
31.0 4978
32.0 4351
33.0 3829
34.0 3458
35.0 3128
36.0 2785
37.0 2636
38.0 2394
39.0 2317
40.0 2362
41.0 2339
42.0 2277
43.0 2119
44.0 1955
45.0 2002
46.0 1862
47.0 1782
48.0 1756
49.0 1570
50.0 1473
51.0 1401
52.0 1288
53.0 1122
54.0 1127
55.0 1082
56.0 937
57.0 897
58.0 794
59.0 735
60.0 671
61.0 688
62.0 638
63.0 592
64.0 589
65.0 553
66.0 480
67.0 529
68.0 489
69.0 476
70.0 447
71.0 430
72.0 401
73.0 398
74.0 393
75.0 365
76.0 371
77.0 348
78.0 330
79.0 295
80.0 320
81.0 362
82.0 339
83.0 288
84.0 283
85.0 265
86.0 276
87.0 277
88.0 227
89.0 259
90.0 284
91.0 249
92.0 258
93.0 263
94.0 199
95.0 240
96.0 200
97.0 224
98.0 213
99.0 256
100.0 236
101.0 203
102.0 217
103.0 194
104.0 204
105.0 175
106.0 188
107.0 179
108.0 144
109.0 156
110.0 157
111.0 160
112.0 145
113.0 143
114.0 134
115.0 171
116.0 159
117.0 145
118.0 131
119.0 137
120.0 137
121.0 134
122.0 136
123.0 122
124.0 123
125.0 113
126.0 133
127.0 108
128.0 115
129.0 122
130.0 96
131.0 109
132.0 94
133.0 97
134.0 86
135.0 87
136.0 92
137.0 84
138.0 81
139.0 81
140.0 84
141.0 82
142.0 74
143.0 71
144.0 83
145.0 73
146.0 63
147.0 66
148.0 73
149.0 73
150.0 69
151.0 66
152.0 75
153.0 57
154.0 63
155.0 59
156.0 65
157.0 52
158.0 47
159.0 49
160.0 68
161.0 66
162.0 50
163.0 51
164.0 42
165.0 49
166.0 56
167.0 45
168.0 55
169.0 52
170.0 42
171.0 39
172.0 35
173.0 38
174.0 38
175.0 42
176.0 48
177.0 34
178.0 49
179.0 38
180.0 50
181.0 42
182.0 38
183.0 25
184.0 36
185.0 48
186.0 33
187.0 25
188.0 48
189.0 39
190.0 30
191.0 43
192.0 24
193.0 20
194.0 27
195.0 31
196.0 20
197.0 30
198.0 24
199.0 21
200.0 24
201.0 29
202.0 35
203.0 26
204.0 29
205.0 21
206.0 23
207.0 14
208.0 33
209.0 20
210.0 23
211.0 31
212.0 19
213.0 21
214.0 19
215.0 24
216.0 20
217.0 17
218.0 17
219.0 16
220.0 16
221.0 17
222.0 11
223.0 17
224.0 15
225.0 19
226.0 10
227.0 16
228.0 11
229.0 19
230.0 11
231.0 19
232.0 22
233.0 9
234.0 15
235.0 21
236.0 17
237.0 17
238.0 13
239.0 18
240.0 11
241.0 15
242.0 19
243.0 15
244.0 11
245.0 11
246.0 9
247.0 12
248.0 12
249.0 12
250.0 5
251.0 12
252.0 15
253.0 12
254.0 7
255.0 13
256.0 9
257.0 6
258.0 8
259.0 11
260.0 8
261.0 10
262.0 13
263.0 6
264.0 10
265.0 12
266.0 9
267.0 13
268.0 4
269.0 11
270.0 6
271.0 6
272.0 6
273.0 12
274.0 9
275.0 6
276.0 8
277.0 4
278.0 11
279.0 8
280.0 6
281.0 5
282.0 8
283.0 0
284.0 6
285.0 4
286.0 4
287.0 6
288.0 5
289.0 8
290.0 6
291.0 2
292.0 3
293.0 4
294.0 4
295.0 5
296.0 4
297.0 4
298.0 7
299.0 5
300.0 6
301.0 6
302.0 6
303.0 4
304.0 4
305.0 3
306.0 1
307.0 3
308.0 4
309.0 6
310.0 3
311.0 2
312.0 3
313.0 4
314.0 4
315.0 3
316.0 2
317.0 5
318.0 2
319.0 1
320.0 4
321.0 1
322.0 4
323.0 3
324.0 2
325.0 3
326.0 3
327.0 3
328.0 1
329.0 3
330.0 1
331.0 3
332.0 1
333.0 1
334.0 2
335.0 1
336.0 4
337.0 5
338.0 0
339.0 3
340.0 2
341.0 2
342.0 3
343.0 2
344.0 2
345.0 1
346.0 4
347.0 5
348.0 5
349.0 0
350.0 3
351.0 1
352.0 2
353.0 1
354.0 6
355.0 0
356.0 0
357.0 4
358.0 1
359.0 3
360.0 0
361.0 1
362.0 1
363.0 2
364.0 2
365.0 0
366.0 0
367.0 4
368.0 0
369.0 5
370.0 0
371.0 1
372.0 0
373.0 4
374.0 0
375.0 3
376.0 3
377.0 3
378.0 0
379.0 2
380.0 1
381.0 1
382.0 1
383.0 0
384.0 0
385.0 2
386.0 2
387.0 2
388.0 0
389.0 0
390.0 1
391.0 0
392.0 1
393.0 2
394.0 0
395.0 0
396.0 3
397.0 2
398.0 2
399.0 0
400.0 0
401.0 0
402.0 0
403.0 0
404.0 0
405.0 1
406.0 0
407.0 0
408.0 1
409.0 1
410.0 1
411.0 2
412.0 0
413.0 0
414.0 1
415.0 0
416.0 0
417.0 0
418.0 1
419.0 0
420.0 0
421.0 0
422.0 1
423.0 1
424.0 1
425.0 0
426.0 0
427.0 1
428.0 0
429.0 2
430.0 1
431.0 0
432.0 0
433.0 0
434.0 1
435.0 0
436.0 0
437.0 0
438.0 0
439.0 1
440.0 1
441.0 1
442.0 0
443.0 0
444.0 1
445.0 1
446.0 0
447.0 0
448.0 2
449.0 0
450.0 0
451.0 0
452.0 0
453.0 0
454.0 2
455.0 0
456.0 0
457.0 2
458.0 1
459.0 1
460.0 0
461.0 2
462.0 0
463.0 0
464.0 1
465.0 1
466.0 0
467.0 0
468.0 0
469.0 0
470.0 2
471.0 1
472.0 0
473.0 0
474.0 0
475.0 0
476.0 1
477.0 0
478.0 0
479.0 0
480.0 0
481.0 0
482.0 0
483.0 0
484.0 0
485.0 1
486.0 0
487.0 0
488.0 0
489.0 0
490.0 0
491.0 1
492.0 1
493.0 0
494.0 0
495.0 1
496.0 0
497.0 1
498.0 2
499.0 0
500.0 0
501.0 0
502.0 0
503.0 0
504.0 0
505.0 0
506.0 0
507.0 0
508.0 0
509.0 1
510.0 0
511.0 0
512.0 0
513.0 0
514.0 0
515.0 1
516.0 0
517.0 1
518.0 0
519.0 1
520.0 1
521.0 0
522.0 1
523.0 0
524.0 0
525.0 0
526.0 0
527.0 0
528.0 1
529.0 0
530.0 0
531.0 0
532.0 0
533.0 0
534.0 0
535.0 0
536.0 0
537.0 0
538.0 0
539.0 0
540.0 0
541.0 0
542.0 0
543.0 0
544.0 0
545.0 0
546.0 0
547.0 0
548.0 0
549.0 0
550.0 0
551.0 0
552.0 0
553.0 0
554.0 0
555.0 0
556.0 0
557.0 0
558.0 0
559.0 0
560.0 0
561.0 0
562.0 0
563.0 0
564.0 0
565.0 0
566.0 0
567.0 0
568.0 0
569.0 0
570.0 0
571.0 0
572.0 0
573.0 0
574.0 0
575.0 0
576.0 0
577.0 0
578.0 0
579.0 0
580.0 0
581.0 0
582.0 0
583.0 0
584.0 0
585.0 0
586.0 0
587.0 0
588.0 0
589.0 0
590.0 0
591.0 0
592.0 0
593.0 0
594.0 0
595.0 0
596.0 0
597.0 0
598.0 0
599.0 0
600.0 0
601.0 0
602.0 0
603.0 0
604.0 0
605.0 0
606.0 0
607.0 0
608.0 0
609.0 0
610.0 0
611.0 0
612.0 0
613.0 0
614.0 0
615.0 0
616.0 0
617.0 0
618.0 0
619.0 0
620.0 0
621.0 0
622.0 0
623.0 0
624.0 0
625.0 0
626.0 0
627.0 0
628.0 0
629.0 0
630.0 0
631.0 0
632.0 0
633.0 0
634.0 0
635.0 0
636.0 0
637.0 0
638.0 0
639.0 0
640.0 0
641.0 0
642.0 0
643.0 0
644.0 0
645.0 0
646.0 0
647.0 0
648.0 0
649.0 0
650.0 0
651.0 0
652.0 0
653.0 0
654.0 0
655.0 0
656.0 0
657.0 0
658.0 0
659.0 0
660.0 0
661.0 0
662.0 0
663.0 0
664.0 0
665.0 0
666.0 0
667.0 0
668.0 0
669.0 0
670.0 0
671.0 0
672.0 0
673.0 0
674.0 0
675.0 0
676.0 0
677.0 0
678.0 0
679.0 0
680.0 0
681.0 0
682.0 0
683.0 0
684.0 0
685.0 0
686.0 0
687.0 0
688.0 0
689.0 0
690.0 0
691.0 0
692.0 0
693.0 0
694.0 0
695.0 0
696.0 0
697.0 0
698.0 0
699.0 0
700.0 0
701.0 0
702.0 0
703.0 0
704.0 0
705.0 0
706.0 0
707.0 0
708.0 0
709.0 0
710.0 0
711.0 1
712.0 0
